# Exchangeability such that Mean FLUX as JTT model
A	R	N	D	C	Q	E	G	H	I	L	K	M	F	P	S	T	W	Y	V	
1.4620	
0.4923	0.4760	
1.0977	0.2497	2.8381	
0.6472	1.5530	0.1740	0.0772	
1.6028	10.1718	1.0138	0.8472	0.1401	
2.7456	0.8833	0.6145	11.6450	0.0743	10.8894	
2.6252	2.3619	0.4815	1.1075	0.4966	0.4968	2.0091	
0.5538	7.8356	3.3784	1.4209	0.7768	16.0496	0.6437	0.3212	
0.5079	0.3870	0.3192	0.1154	0.1250	0.1778	0.2338	0.0665	0.2296	
0.3884	0.6141	0.0747	0.0674	0.1547	1.3075	0.1610	0.0613	0.7379	1.6087	
0.5134	10.9597	1.5887	0.2297	0.0574	5.5616	3.1387	0.2626	0.6265	0.2248	0.1374	
0.6628	0.6431	0.1631	0.1224	0.2038	0.7086	0.2822	0.1244	0.3957	3.7717	2.8051	0.5654	
0.2052	0.0836	0.0647	0.0401	0.5530	0.0755	0.0931	0.0537	0.5506	0.6778	1.7412	0.0409	0.3279	
4.1354	1.8644	0.1314	0.1892	0.1697	4.5793	0.4469	0.3294	2.3447	0.1571	1.4691	0.3001	0.2051	0.2589	
4.8893	1.5246	2.6630	0.4505	1.6312	0.8920	0.4534	1.6768	0.8978	0.3844	0.5216	0.4049	0.2242	0.8544	3.5169	
7.1143	1.1308	1.4641	0.3516	0.3486	1.0061	0.5773	0.3343	0.6618	2.5742	0.2412	1.0507	1.9943	0.1220	1.7470	4.2739	
0.0963	1.5870	0.0382	0.0289	0.6414	0.2581	0.1375	0.4382	0.0830	0.0602	0.3175	0.0762	0.1441	0.3388	0.0682	0.2408	0.0925	
0.1148	0.2474	0.3315	0.3329	1.1276	0.3371	0.0960	0.0636	5.8601	0.2015	0.1380	0.0601	0.1049	3.2304	0.1133	0.4308	0.1594	0.3461	
3.7539	0.2678	0.0957	0.2856	0.4106	0.3525	0.7725	0.4569	0.1409	6.7784	1.1633	0.1325	2.3020	0.4348	0.3174	0.3224	1.0485	0.1517	0.0918	

0.0540	0.0328	0.0697	0.0560	0.0268	0.0222	0.0350	0.0691	0.0172	0.0573	0.1062	0.0601	0.0304	0.0460	0.0332	0.0771	0.0579	0.0219	0.0503	0.0768	

// end of data. The rest are notes
A	R	N	D	C	Q	E	G	H	I	L	K	M	F	P	S	T	W	Y	V	
