# Protein 3P4HA_SSCPE L= 118
# Local interactions coefficient=0.000
# Frequencies rate entropy corr(f_a,sum_b E_ab)
# Equal       1.746 2.996  0.000
# mean-field  0.970 2.816 -0.568
# JTT_ig*?Ø‡?î|?¸ˆ°>™€?# Exchangeability such that Mean FLUX as JTT model
     1.549 2.909 -0.194
#SITE AA sec.str. ncont  entropy ave_hydro rate_HB_mut rate_HB_emp rate_HB_flux
   0  S C 0 2.733  0.06 0.0000 0.9891 1.0031
   1  M C 2 2.677  0.04 0.0000 0.9931 0.9645
   2  P C 4 2.705  0.06 0.0000 0.9785 0.9392
   3  R E 8 2.750  0.15 0.0000 0.9323 0.8895
   4  F E 13 2.532  0.28 0.0000 0.7776 0.7696
   5  V E 7 2.791  0.20 0.0000 0.9544 0.9700
   6  V E 9 2.599  0.26 0.0000 0.8859 0.8811
   7  Q E 9 2.788  0.19 0.0000 0.9179 0.8931
   8  E E 7 2.798  0.16 0.0000 0.9689 0.9475
   9  H E 9 2.804  0.14 0.0000 0.9469 0.9300
  10  H E 5 2.845  0.10 0.0000 1.0136 1.0158
  11  A C 4 2.830  0.12 0.0000 0.9925 1.0172
  12  R C 2 2.808  0.09 0.0000 1.0082 1.0260
  13  R C 1 2.747  0.07 0.0000 0.9850 1.0001
  14  L E 5 2.822  0.08 0.0000 1.0077 0.9933
  15  H E 7 2.830  0.15 0.0000 0.9862 0.9926
  16  W E 10 2.663  0.23 0.0000 0.8725 0.8625
  17  D E 6 2.787  0.18 0.0000 0.9666 0.9880
  18  L E 10 1.991  0.36 0.0000 0.6910 0.6795
  19  R E 10 2.654  0.24 0.0000 0.8601 0.8667
  20  L E 10 1.848  0.37 0.0000 0.6560 0.6454
  21  E E 8 2.453  0.29 0.0000 0.8479 0.8499
  22  M E 6 2.812  0.17 0.0000 0.9717 0.9808
  23  D C 2 2.625  0.02 0.0000 0.9548 0.9445
  24  N C 1 2.725  0.09 0.0000 0.9666 0.9912
  25  V E 6 2.831  0.15 0.0000 0.9973 1.0016
  26  L E 10 2.745  0.18 0.0000 0.9247 0.8886
  27  K E 6 2.829  0.12 0.0000 0.9899 0.9810
  28  S E 7 2.816  0.11 0.0000 1.0069 0.9898
  29  W E 10 2.374  0.30 0.0000 0.8305 0.8413
  30  A E 7 2.788  0.18 0.0000 0.9791 1.0011
  31  L E 7 2.581  0.25 0.0000 0.8956 0.9060
  32  P C 5 2.697  0.20 0.0000 0.9530 0.9713
  33  K C 2 2.623  0.05 0.0000 0.9294 0.9213
  34  G C 3 2.687  0.08 0.0000 0.9373 0.9319
  35  V C 6 2.707  0.19 0.0000 0.9395 0.9406
  36  P C 3 2.776  0.11 0.0000 0.9794 0.9917
  37  E C 2 2.663  0.05 0.0000 0.9580 0.9540
  38  K C 1 2.676  0.05 0.0000 0.9595 0.9723
  39  R C 0 2.614  0.04 0.0000 0.9407 0.9599
  40  G C 0 2.607  0.03 0.0000 0.9365 0.9570
  41  V C 2 2.665  0.04 0.0000 0.9521 0.9487
  42  K E 0 2.609  0.04 0.0000 0.9328 0.9471
  43  R E 4 2.823  0.10 0.0000 0.9878 1.0025
  44  L E 3 2.775  0.11 0.0000 0.9757 0.9981
  45  A E 4 2.688  0.18 0.0000 0.9396 0.9562
  46  I E 4 2.761  0.11 0.0000 0.9689 0.9909
  47  E E 2 2.659  0.05 0.0000 0.9507 0.9564
  48  T E 4 2.688  0.05 0.0000 0.9553 0.9426
  49  E E 2 2.681  0.05 0.0000 0.9623 0.9648
  50  D E 3 2.775  0.10 0.0000 0.9813 0.9960
  51  H E 5 2.770  0.15 0.0000 0.9535 0.9576
  52  D H 3 2.761  0.14 0.0000 0.9697 0.9914
  53  L H 5 2.700  0.20 0.0000 0.9475 0.9663
  54  S H 1 2.657  0.04 0.0000 0.9552 0.9695
  55  Y H 8 2.608  0.25 0.0000 0.8946 0.9095
  56  I H 8 2.448  0.28 0.0000 0.8487 0.8473
  57  D H 3 2.749  0.08 0.0000 0.9814 0.9880
  58  F H 6 2.710  0.21 0.0000 0.9501 0.9707
  59  E C 3 2.769  0.09 0.0000 0.9915 1.0032
  60  G E 3 2.785  0.09 0.0000 0.9918 1.0017
  61  R E 3 2.781  0.08 0.0000 0.9905 0.9954
  62  I E 7 2.755  0.20 0.0000 0.9341 0.9574
  63  P C 2 2.702  0.07 0.0000 0.9679 0.9896
  64  E C 3 2.739  0.07 0.0000 0.9824 0.9944
  65  G C 1 2.676  0.05 0.0000 0.9646 0.9835
  66  M C 3 2.787  0.09 0.0000 0.9937 1.0129
  67  Y C 0 2.590  0.04 0.0000 0.9213 0.9411
  68  G C 2 2.704  0.08 0.0000 0.9613 0.9830
  69  A C 9 2.851  0.13 0.0000 0.9818 0.9649
  70  G E 7 2.834  0.10 0.0000 1.0004 0.9905
  71  E E 5 2.692  0.03 0.0000 0.9852 0.9543
  72  V E 8 2.792  0.16 0.0000 0.9621 0.9436
  73  K E 5 2.797  0.11 0.0000 1.0066 0.9933
  74  I E 7 2.588  0.25 0.0000 0.9063 0.9095
  75  W E 7 2.813  0.15 0.0000 0.9826 0.9740
  76  D E 7 2.702  0.20 0.0000 0.9090 0.9144
  77  S E 6 2.786  0.16 0.0000 0.9450 0.9506
  78  G E 4 2.704  0.05 0.0000 0.9507 0.9347
  79  E E 7 2.815  0.14 0.0000 0.9562 0.9543
  80  Y E 9 2.401  0.29 0.0000 0.7995 0.7899
  81  E E 4 2.771  0.16 0.0000 0.9648 0.9792
  82  L E 5 2.734  0.17 0.0000 0.9459 0.9501
  83  L E 4 2.796  0.14 0.0000 0.9789 0.9810
  84  E E 3 2.725  0.09 0.0000 0.9692 0.9812
  85  R E 5 2.817  0.13 0.0000 0.9970 1.0123
  86  T E 2 2.683  0.04 0.0000 0.9711 0.9742
  87  E C 1 2.572  0.02 0.0000 0.9312 0.9312
  88  N C 3 2.792  0.14 0.0000 0.9968 1.0292
  89  K E 5 2.830  0.12 0.0000 1.0084 1.0095
  90  I E 10 2.372  0.31 0.0000 0.8088 0.8048
  91  K E 7 2.623  0.22 0.0000 0.9112 0.8833
  92  F E 11 2.087  0.35 0.0000 0.7255 0.7191
  93  L E 6 2.636  0.10 0.0000 0.9510 0.9051
  94  A E 7 2.817  0.14 0.0000 0.9599 0.9495
  95  K E 6 2.735  0.09 0.0000 0.9748 0.9389
  96  G C 5 2.768  0.06 0.0000 0.9882 0.9827
  97  R C 3 2.664  0.03 0.0000 0.9683 0.9574
  98  K C 4 2.734  0.06 0.0000 0.9793 0.9565
  99  M C 10 2.289  0.32 0.0000 0.7549 0.7515
 100  N E 4 2.787  0.07 0.0000 0.9900 0.9938
 101  G E 3 2.794  0.13 0.0000 0.9858 1.0074
 102  E E 4 2.807  0.15 0.0000 0.9758 0.9835
 103  Y E 9 2.649  0.24 0.0000 0.8726 0.8741
 104  V E 3 2.801  0.11 0.0000 0.9977 1.0006
 105  L E 8 2.303  0.31 0.0000 0.7929 0.7961
 106  I E 1 2.661  0.04 0.0000 0.9515 0.9684
 107  K E 2 2.659  0.03 0.0000 0.9775 0.9713
# 118 sites
# Mean averaged hydrophobicity= 0.1248
# Corr(ncont, hydro)=     -0.000
# Corr(ncont, ave_hydro)= -0.000
# Corr(ncont, entropy)=   -0.000
# Corr(ncont, rate_HB_flux)=  -0.000
# Corr(ncont, rate_HB_emp)=  -0.565
# Corr(ncont, rate_HB_mut)=     nan
# Corr(entropy, rate_HB_flux)=-0.000
# Corr(entropy, rate_HB_emp)=-0.565
# Corr(entropy, rate_HB_mut)=   nan
