# Exchangeability such that Mean FLUX as JTT model
A	R	N	D	C	Q	E	G	H	I	L	K	M	F	P	S	T	W	Y	V	
0.5430	
1.4732	0.8215	
0.8152	0.1079	9.8569	
5.1981	6.9982	6.3497	0.6951	
1.3116	4.6476	3.8397	0.7985	1.3994	
1.1807	0.2209	1.2366	5.8471	0.3859	5.9355	
1.3929	0.7317	1.1867	0.6827	3.2040	0.3337	0.7202	
0.1362	1.0623	3.8309	0.4017	2.3352	4.9047	0.1053	0.0650	
0.5766	0.2406	1.6136	0.1446	1.7140	0.2477	0.1681	0.0605	0.0960	
0.3368	0.2927	0.2892	0.0647	1.6128	1.3948	0.0887	0.0427	0.2362	2.4681	
0.4432	5.1231	6.3921	0.2311	0.6014	5.9672	1.8324	0.1883	0.1999	0.3259	0.1531	
1.2095	0.6504	1.3537	0.2518	4.5656	1.6028	0.3350	0.1835	0.2679	11.9334	6.7693	1.3374	
0.2595	0.0577	0.3708	0.0571	8.4137	0.1183	0.0759	0.0550	0.2574	1.4732	2.8687	0.0665	1.1471	
2.0593	0.5406	0.3031	0.1091	1.0258	2.8806	0.1493	0.1354	0.4440	0.1338	0.9576	0.2020	0.2836	0.2479	
6.3769	1.1285	16.0600	0.6775	25.9316	1.4573	0.3964	1.8005	0.4404	0.8593	0.8932	0.6990	0.8096	2.1456	3.5440	
7.5677	0.6820	7.1659	0.4275	4.5468	1.3387	0.4066	0.2899	0.2643	4.7069	0.3378	1.4755	5.8934	0.2503	1.4214	9.0766	
0.0549	0.4907	0.0997	0.0188	4.4487	0.1819	0.0512	0.2048	0.0174	0.0577	0.2317	0.0558	0.2256	0.3579	0.0297	0.2734	0.0856	
0.1172	0.1386	1.5526	0.3859	14.1328	0.4275	0.0634	0.0529	2.2191	0.3494	0.1818	0.0794	0.2954	6.1756	0.0879	0.8745	0.2650	0.2974	
3.1600	0.1245	0.3607	0.2673	4.1765	0.3662	0.4157	0.3097	0.0440	10.0988	1.3121	0.1439	5.3918	0.6987	0.2016	0.5375	1.4267	0.1081	0.1179	

0.0651	0.0727	0.0188	0.0619	0.0025	0.0220	0.0681	0.1052	0.0567	0.0403	0.0980	0.0568	0.0132	0.0290	0.0541	0.0476	0.0438	0.0315	0.0390	0.0735	

// end of data. The rest are notes
A	R	N	D	C	Q	E	G	H	I	L	K	M	F	P	S	T	W	Y	V	
