# Third moment of energy used: NO
# Temperature factor: 0.50
# E2/L= 0.26 E3/L= 0 s_C= 0.065
# Tfreeze= 0.71
# E_nat/L= -0.4092 Gfreeze/TL= -0.2364 E1/L= -0.0524
# NC1/L= 2.472 NC2/L= 6.5 NC3/L= -2.3e+02 nc1/L= 2.472
# L= 118 S_U/L= 0.065 S_C/L= 0.065
# Temp. DeltaG(nat-nonat)  G_misf-G_unf
0.697	-20.40	-17.19
0.702	-20.40	-17.12
0.707	-20.40	-17.04
0.712	-20.40	-16.96
0.717	-20.40	-16.89
0.722	-20.39	-16.81
0.727	-20.39	-16.74
0.732	-20.39	-16.67
0.737	-20.38	-16.60
0.742	-20.37	-16.53
0.747	-20.37	-16.46
0.752	-20.36	-16.39
0.757	-20.35	-16.32
0.762	-20.34	-16.26
0.767	-20.33	-16.19
0.772	-20.31	-16.13
0.777	-20.30	-16.06
0.782	-20.29	-16.00
0.787	-20.27	-15.94
0.792	-20.26	-15.87
0.797	-20.24	-15.81
0.802	-20.23	-15.75
0.807	-20.21	-15.69
0.812	-20.19	-15.64
0.817	-20.17	-15.58
0.822	-20.15	-15.52
0.827	-20.13	-15.46
0.832	-20.11	-15.41
0.837	-20.09	-15.35
0.842	-20.07	-15.30
0.847	-20.04	-15.25
0.852	-20.02	-15.19
0.857	-20.00	-15.14
0.862	-19.97	-15.09
0.867	-19.95	-15.04
0.872	-19.92	-14.99
0.877	-19.89	-14.94
0.882	-19.87	-14.89
0.887	-19.84	-14.84
0.892	-19.81	-14.79
0.897	-19.78	-14.74
0.902	-19.75	-14.69
0.907	-19.72	-14.65
0.912	-19.69	-14.60
0.917	-19.66	-14.55
0.922	-19.63	-14.51
0.927	-19.60	-14.46
0.932	-19.57	-14.42
0.937	-19.53	-14.38
0.942	-19.50	-14.33
0.947	-19.47	-14.29
0.952	-19.43	-14.25
0.957	-19.40	-14.21
0.962	-19.36	-14.16
0.967	-19.33	-14.12
0.972	-19.29	-14.08
0.977	-19.25	-14.04
0.982	-19.22	-14.00
0.987	-19.18	-13.96
0.992	-19.14	-13.92
0.997	-19.10	-13.88
1.002	-19.07	-13.85
1.007	-19.03	-13.81
1.012	-18.99	-13.77
1.017	-18.95	-13.73
1.022	-18.91	-13.70
1.027	-18.87	-13.66
1.032	-18.83	-13.62
1.037	-18.79	-13.59
1.042	-18.74	-13.55
1.047	-18.70	-13.52
1.052	-18.66	-13.48
1.057	-18.62	-13.45
1.062	-18.58	-13.41
1.067	-18.53	-13.38
1.072	-18.49	-13.35
1.077	-18.45	-13.31
1.082	-18.40	-13.28
1.087	-18.36	-13.25
1.092	-18.31	-13.21
1.097	-18.27	-13.18
1.102	-18.22	-13.15
1.107	-18.18	-13.12
1.112	-18.13	-13.09
1.117	-18.08	-13.06
1.122	-18.04	-13.03
1.127	-17.99	-13.00
1.132	-17.94	-12.97
1.137	-17.90	-12.94
1.142	-17.85	-12.91
1.147	-17.80	-12.88
1.152	-17.75	-12.85
1.157	-17.71	-12.82
1.162	-17.66	-12.79
1.167	-17.61	-12.76
1.172	-17.56	-12.73
1.177	-17.51	-12.71
1.182	-17.46	-12.68
1.187	-17.41	-12.65
1.192	-17.36	-12.62
