# Protein 8C0GA_SSCPE L= 292
# Local interactions coefficient=0.000
# Frequencies rate entropy corr(f_a,sum_b E_ab)
# Equal       1.211 2.996  0.000
# mean-field  0.963 2.861 -0.393
# JTT_‚?ÙÙ	?Ơo§>́c-?G1-?# Exchangeability such that Mean FLUX as JTT model
     1.258 2.909  0.046
#SITE AA sec.str. ncont  entropy ave_hydro rate_HB_mut rate_HB_emp rate_HB_flux
  -1 A D 0 2.833  0.08 0.0000 0.9901 1.0271
   1  S C 2 2.836  0.18 0.0000 1.0034 0.9792
   2  Q C 4 2.817  0.07 0.0000 0.9797 1.0133
   3  A C 3 2.796  0.06 0.0000 0.9704 1.0199
   4  W C 3 2.776  0.05 0.0000 0.9632 1.0118
   5  Q C 5 2.899  0.12 0.0000 0.9783 0.9937
   6  P C 7 2.866  0.14 0.0000 1.0034 0.9954
   7  G E 4 2.634  0.25 0.0000 0.9401 0.8664
   8  V E 7 2.847  0.15 0.0000 0.9946 0.9866
   9  A E 5 2.864  0.16 0.0000 0.9603 0.9491
  10  M C 9 2.795  0.06 0.0000 0.9665 1.0133
  11  P H 3 2.753  0.05 0.0000 0.9626 1.0068
  12  N H 2 2.792  0.06 0.0000 0.9789 1.0230
  13  L H 2 2.869  0.15 0.0000 0.9605 0.9467
  14  Y H 8 2.862  0.14 0.0000 0.9682 0.9620
  15  K H 8 2.780  0.06 0.0000 0.9760 1.0171
  16  M H 2 2.812  0.07 0.0000 0.9878 1.0158
  17  Q C 4 2.718  0.05 0.0000 0.9687 0.9908
  18  R C 2 2.846  0.13 0.0000 1.0026 0.9965
  19  M C 4 2.795  0.08 0.0000 0.9876 1.0270
  20  L C 1 2.857  0.14 0.0000 1.0111 1.0123
  21  L C 4 2.852  0.14 0.0000 0.9970 0.9919
  22  E C 3 2.843  0.08 0.0000 0.9828 1.0331
  23  K C 5 2.849  0.07 0.0000 0.9698 1.0246
  24  C C 5 2.719  0.04 0.0000 0.9591 0.9915
  25  D C 1 2.764  0.06 0.0000 0.9523 0.9962
  26  L C 4 2.765  0.06 0.0000 0.9718 1.0190
  27  Q C 2 2.819  0.07 0.0000 0.9937 1.0231
  28  N C 4 2.707  0.04 0.0000 0.9496 0.9979
  29  Y C 0 2.641  0.02 0.0000 0.9269 0.9716
  30  G C 0 2.658  0.03 0.0000 0.9346 0.9845
  31  E C 0 2.754  0.21 0.0000 0.9939 0.9523
  32  N C 5 2.715  0.05 0.0000 0.9623 1.0064
  33  A C 0 2.822  0.17 0.0000 1.0068 0.9973
  34  V C 4 2.739  0.21 0.0000 0.9880 0.9390
  35  I C 6 2.820  0.17 0.0000 0.9973 0.9876
  36  P C 3 2.684  0.03 0.0000 0.9452 0.9968
  37  K C 0 2.652  0.02 0.0000 0.9337 0.9881
  38  G C 0 2.862  0.15 0.0000 1.0100 1.0163
  39  I C 4 2.749  0.22 0.0000 0.9898 0.9427
  40  M H 5 2.848  0.17 0.0000 0.9923 0.9687
  41  M H 6 2.808  0.05 0.0000 0.9639 1.0236
  42  N H 4 2.851  0.18 0.0000 0.9995 0.9774
  43  V H 6 2.423  0.30 0.0000 0.9294 0.8146
  44  A H 8 2.812  0.20 0.0000 0.9314 0.9058
  45  K H 10 2.625  0.28 0.0000 0.9184 0.8146
  46  Y H 10 2.499  0.29 0.0000 0.9123 0.8089
  47  T H 8 2.696  0.26 0.0000 0.8615 0.7886
  48  Q H 14 2.291  0.33 0.0000 0.8414 0.7123
  49  L H 10 2.577  0.27 0.0000 0.9125 0.8242
  50  C H 8 2.874  0.18 0.0000 0.9599 0.9441
  51  Q H 10 2.548  0.28 0.0000 0.8990 0.8062
  52  Y H 10 2.438  0.30 0.0000 0.9198 0.8078
  53  L H 7 2.882  0.17 0.0000 0.9610 0.9532
  54  N H 7 2.743  0.04 0.0000 0.9602 1.0109
  55  T C 2 2.859  0.13 0.0000 0.9781 0.9953
  56  L C 5 2.702  0.02 0.0000 0.9300 0.9983
  57  T C 5 2.839  0.16 0.0000 0.9769 0.9713
  58  L C 6 2.878  0.16 0.0000 0.9990 0.9779
  59  A C 7 2.887  0.18 0.0000 0.9714 0.9624
  60  V C 8 2.893  0.13 0.0000 1.0055 1.0220
  61  P C 6 2.689  0.03 0.0000 0.9567 0.9929
  62  Y C 2 2.555 -0.00 0.0000 0.8880 0.9479
  63  N C 2 2.707  0.25 0.0000 0.9373 0.8781
  64  M C 9 2.859  0.17 0.0000 0.9202 0.9223
  65  R E 11 2.289  0.32 0.0000 0.8887 0.7666
  66  V E 7 2.292  0.32 0.0000 0.8852 0.7648
  67  I E 6 2.729  0.25 0.0000 0.9643 0.8934
  68  H E 9 2.584  0.28 0.0000 0.9224 0.8214
  69  F E 10 2.691  0.03 0.0000 0.9387 0.9959
  70  G C 4 2.900  0.15 0.0000 0.9645 0.9734
  71  A C 9 2.855  0.10 0.0000 0.9941 1.0281
  72  G C 4 2.826  0.07 0.0000 0.9826 1.0256
  73  S C 3 2.627  0.02 0.0000 0.9205 0.9730
  74  D C 0 2.673  0.03 0.0000 0.9377 0.9882
  75  K C 0 2.828  0.14 0.0000 0.9951 1.0072
  76  G C 3 2.781  0.20 0.0000 0.9727 0.9361
  77  V C 6 2.845  0.18 0.0000 0.9909 0.9710
  78  A H 7 2.815  0.19 0.0000 0.9933 0.9642
  79  P H 7 2.867  0.11 0.0000 0.9990 1.0264
  80  G H 4 2.916  0.15 0.0000 0.9786 0.9986
  81  T H 10 2.834  0.07 0.0000 0.9771 1.0319
  82  A H 5 2.779  0.23 0.0000 0.9354 0.8671
  83  V H 9 2.655  0.27 0.0000 0.9386 0.8454
  84  L H 9 2.883  0.15 0.0000 1.0041 1.0152
  85  R H 8 2.824  0.15 0.0000 0.9886 0.9888
  86  Q H 4 2.116  0.36 0.0000 0.7956 0.6399
  87  W H 10 2.328  0.32 0.0000 0.8908 0.7709
  88  L H 8 2.735  0.21 0.0000 0.9939 0.9514
  89  P C 5 2.616  0.02 0.0000 0.9259 0.9681
  90  T C 0 2.583  0.01 0.0000 0.9147 0.9588
  91  G C 0 2.889  0.13 0.0000 0.9899 1.0090
  92  T C 6 2.796  0.18 0.0000 0.9663 0.9449
  93  L E 6 2.717  0.24 0.0000 0.9674 0.9145
  94  L E 8 2.418  0.30 0.0000 0.9071 0.7971
  95  V E 8 2.835  0.19 0.0000 0.9782 0.9543
  96  D E 10 2.833  0.19 0.0000 0.9330 0.8925
  97  S E 8 2.871  0.17 0.0000 0.9759 0.9474
  98  D E 7 2.738  0.04 0.0000 0.9609 1.0064
  99  L C 3 2.777  0.08 0.0000 0.9786 1.0109
 100  N C 1 2.792  0.12 0.0000 0.9887 1.0011
 101  D C 1 2.886  0.18 0.0000 0.9644 0.9356
 102  F C 10 2.843  0.11 0.0000 0.9958 1.0127
 103  V C 3 2.833  0.09 0.0000 1.0156 1.0440
 104  S C 4 2.768  0.06 0.0000 0.9700 1.0163
 105  D C 3 2.872  0.09 0.0000 0.9996 1.0402
 106  A C 6 2.836  0.09 0.0000 0.9880 1.0267
 107  D C 4 2.842  0.12 0.0000 0.9973 1.0217
 108  S E 3 2.852  0.10 0.0000 0.9954 1.0262
 109  T E 4 2.843  0.19 0.0000 0.9980 0.9803
 110  L E 6 2.866  0.10 0.0000 0.9785 1.0143
 111  I E 5 2.845  0.08 0.0000 0.9929 1.0337
 112  G C 4 2.844  0.11 0.0000 1.0015 1.0219
 113  D H 3 2.847  0.16 0.0000 0.9696 0.9615
 114  C H 5 2.752  0.05 0.0000 0.9529 1.0010
 115  A H 2 2.737  0.04 0.0000 0.9527 0.9966
 116  T H 2 2.868  0.12 0.0000 0.9983 1.0133
 117  V H 4 2.790  0.17 0.0000 1.0018 0.9960
 118  H C 3 2.564  0.27 0.0000 0.9144 0.8375
 119  T C 6 2.796  0.07 0.0000 0.9760 1.0205
 120  A C 2 2.834  0.10 0.0000 0.9373 0.9662
 121  N C 6 2.773  0.06 0.0000 0.9264 0.9949
 122  K C 6 1.784  0.39 0.0000 0.7286 0.5520
 123  W E 13 2.870  0.19 0.0000 0.9473 0.9218
 124  D E 10 2.138  0.34 0.0000 0.8540 0.7070
 125  L E 8 1.793  0.38 0.0000 0.7386 0.5757
 126  I E 10 2.177  0.34 0.0000 0.8467 0.7084
 127  I E 8 2.545  0.26 0.0000 0.9030 0.8331
 128  S E 6 2.892  0.12 0.0000 0.9492 0.9634
 129  D C 7 2.861  0.17 0.0000 0.9612 0.9344
 130  M C 6 2.845  0.08 0.0000 0.9933 1.0281
 131  Y C 4 2.832  0.09 0.0000 0.9764 1.0072
 132  D C 3 2.743  0.05 0.0000 0.9627 1.0085
 133  P C 1 2.654  0.03 0.0000 0.9365 0.9843
 134  R C 0 2.650  0.03 0.0000 0.9280 0.9735
 135  T C 0 2.792  0.05 0.0000 0.9676 1.0185
 136  K C 3 2.704  0.06 0.0000 0.9621 0.9912
 137  H C 0 2.779  0.06 0.0000 0.9749 1.0278
 138  V C 2 2.754  0.06 0.0000 0.9631 1.0100
 139  T C 1 2.757  0.06 0.0000 0.9676 1.0081
 140  K C 1 2.770  0.08 0.0000 0.9749 1.0071
 141  E C 1 2.870  0.10 0.0000 0.9764 1.0229
 142  N C 6 2.751  0.07 0.0000 0.9451 0.9772
 143  D C 2 2.803  0.08 0.0000 0.9708 0.9941
 144  S C 4 2.818  0.07 0.0000 0.9613 0.9868
 145  K C 6 2.816  0.08 0.0000 0.9904 1.0137
 146  E C 3 2.795  0.07 0.0000 0.9843 1.0173
 147  G H 2 2.891  0.15 0.0000 0.9877 0.9801
 148  F H 7 2.608  0.28 0.0000 0.9043 0.8109
 149  F H 11 2.826  0.08 0.0000 0.9814 1.0100
 150  T H 4 2.657  0.25 0.0000 0.8969 0.8119
 151  Y H 8 2.279  0.32 0.0000 0.8502 0.7238
 152  L H 9 2.824  0.20 0.0000 0.9786 0.9441
 153  C H 8 2.833  0.07 0.0000 0.9942 1.0345
 154  G H 4 2.328  0.32 0.0000 0.8699 0.7413
 155  F H 10 2.019  0.37 0.0000 0.8069 0.6398
 156  I H 10 2.859  0.10 0.0000 0.9895 1.0040
 157  K H 4 2.779  0.05 0.0000 0.9656 1.0107
 158  Q H 3 2.876  0.12 0.0000 0.9878 1.0024
 159  K H 7 2.260  0.34 0.0000 0.8226 0.6821
 160  L E 12 2.871  0.18 0.0000 0.9747 0.9554
 161  A E 8 2.093  0.35 0.0000 0.8485 0.6879
 162  L E 8 2.823  0.19 0.0000 0.9939 0.9646
 163  G E 6 2.865  0.19 0.0000 0.9615 0.9285
 164  G E 9 2.688  0.25 0.0000 0.9382 0.8650
 165  S E 9 1.979  0.36 0.0000 0.8166 0.6530
 166  I E 9 2.227  0.33 0.0000 0.8787 0.7496
 167  A E 7 2.276  0.32 0.0000 0.8578 0.7417
 168  V E 7 2.895  0.16 0.0000 0.9570 0.9607
 169  K E 9 2.674  0.26 0.0000 0.9025 0.8376
 170  I E 11 2.825  0.06 0.0000 0.9571 1.0177
 171  T C 7 2.884  0.11 0.0000 0.9859 0.9896
 172  E C 7 2.807  0.07 0.0000 0.9761 1.0141
 173  H C 3 2.862  0.17 0.0000 0.9831 0.9689
 174  S C 6 2.893  0.18 0.0000 0.9164 0.8987
 175  W C 12 2.906  0.15 0.0000 0.9817 0.9796
 176  N H 7 2.872  0.09 0.0000 0.9834 1.0104
 177  A H 5 2.837  0.10 0.0000 0.9949 1.0100
 178  D H 3 2.179  0.34 0.0000 0.8523 0.6962
 179  L H 9 2.396  0.32 0.0000 0.8616 0.7239
 180  Y H 13 2.881  0.12 0.0000 1.0104 1.0284
 181  K H 5 2.852  0.20 0.0000 0.9749 0.9326
 182  L H 8 2.189  0.34 0.0000 0.8583 0.7086
 183  M H 9 2.916  0.12 0.0000 0.9754 1.0237
 184  G H 7 2.919  0.15 0.0000 0.9595 0.9645
 185  H C 8 2.377  0.33 0.0000 0.8466 0.7059
 186  F E 13 2.867  0.09 0.0000 0.9854 1.0389
 187  S E 5 2.871  0.17 0.0000 1.0059 0.9933
 188  W E 6 2.711  0.24 0.0000 0.9784 0.9099
 189  W E 9 2.743  0.23 0.0000 0.9718 0.9251
 190  T E 7 2.424  0.30 0.0000 0.8915 0.7890
 191  A E 8 2.478  0.30 0.0000 0.8886 0.7771
 192  F E 10 2.809  0.22 0.0000 0.9582 0.9249
 193  V E 9 2.893  0.17 0.0000 0.9592 0.9473
 194  T E 8 2.714  0.25 0.0000 0.9196 0.8567
 195  N C 12 2.630  0.27 0.0000 0.9369 0.8513
 196  V H 11 2.880  0.10 0.0000 0.9812 1.0162
 197  N H 8 2.751  0.22 0.0000 0.9799 0.9271
 198  A H 7 2.841  0.12 0.0000 1.0032 1.0273
 199  S C 3 2.785  0.05 0.0000 0.9602 1.0087
 200  S C 5 2.909  0.15 0.0000 0.9902 0.9935
 201  S C 8 2.890  0.11 0.0000 0.9516 0.9777
 202  E C 9 2.508  0.28 0.0000 0.9063 0.8153
 203  A E 7 2.669  0.26 0.0000 0.9119 0.8435
 204  F E 11 2.072  0.36 0.0000 0.8419 0.6762
 205  L E 10 1.970  0.37 0.0000 0.7880 0.6192
 206  I E 11 2.843  0.15 0.0000 0.9702 0.9610
 207  G E 7 2.797  0.06 0.0000 0.9569 0.9928
 208  A E 5 2.906  0.15 0.0000 0.9433 0.9447
 209  N E 10 2.386  0.32 0.0000 0.8701 0.7450
 210  Y E 10 2.797  0.22 0.0000 0.9644 0.9358
 211  L C 8 2.804  0.10 0.0000 0.9885 1.0113
 212  G C 2 2.803  0.07 0.0000 0.9758 0.9993
 213  K C 3 2.671  0.03 0.0000 0.9371 0.9762
 214  P C 2 2.898  0.11 0.0000 0.9883 1.0246
 215  K C 6 2.746  0.06 0.0000 0.9679 1.0035
 216  E C 1 2.688  0.04 0.0000 0.9527 0.9987
 217  Q C 0 2.856  0.11 0.0000 0.9773 0.9884
 218  I C 6 2.766  0.07 0.0000 0.9815 1.0057
 219  D H 2 2.846  0.12 0.0000 0.9856 0.9894
 220  G H 5 2.836  0.08 0.0000 0.9779 1.0199
 221  Y H 6 2.817  0.06 0.0000 0.9680 1.0138
 222  T H 6 2.895  0.17 0.0000 0.9717 0.9536
 223  M H 9 2.657  0.27 0.0000 0.9133 0.8332
 224  H H 11 2.617  0.26 0.0000 0.9604 0.8825
 225  A H 7 2.861  0.17 0.0000 0.9602 0.9482
 226  N H 10 2.588  0.28 0.0000 0.9148 0.8238
 227  Y H 12 2.905  0.15 0.0000 0.9590 0.9834
 228  I H 9 2.893  0.12 0.0000 0.9914 1.0181
 229  F H 7 2.402  0.32 0.0000 0.8601 0.7261
 230  W H 12 2.556  0.30 0.0000 0.8875 0.7763
 231  R H 12 2.868  0.09 0.0000 0.9795 1.0201
 232  N H 6 2.815  0.08 0.0000 0.9686 1.0009
 233  T H 3 2.781  0.06 0.0000 0.9570 0.9957
 234  N H 3 2.711  0.04 0.0000 0.9485 0.9985
 235  P C 1 2.773  0.21 0.0000 0.9526 0.9150
 236  I C 7 2.791  0.07 0.0000 0.9833 1.0183
 237  Q C 2 2.856  0.17 0.0000 0.9795 0.9529
 238  L C 7 2.866  0.14 0.0000 0.9961 0.9993
 239  S C 5 2.775  0.21 0.0000 0.9822 0.9474
 240  S H 5 2.816  0.10 0.0000 0.9775 1.0008
 241  Y H 3 2.832  0.07 0.0000 0.9559 1.0186
 242  S H 6 2.872  0.18 0.0000 0.9906 0.9795
 243  L H 8 2.836  0.08 0.0000 0.9828 1.0180
 244  F H 3 2.743  0.05 0.0000 0.9718 1.0211
 245  D H 2 2.872  0.12 0.0000 1.0100 1.0343
 246  M C 5 2.607  0.02 0.0000 0.9256 0.9701
 247  S C 0 2.674  0.03 0.0000 0.9443 0.9769
 248  K C 1 2.870  0.17 0.0000 0.9800 0.9520
 249  F C 8 2.745  0.05 0.0000 0.9561 0.9898
 250  P C 2 2.562  0.28 0.0000 0.9068 0.8176
 251  L C 8 2.796  0.09 0.0000 0.9838 1.0173
 252  K C 1 2.834  0.09 0.0000 0.9858 1.0188
 253  L C 2 2.707  0.23 0.0000 0.9878 0.9336
 254  R C 5 2.823  0.08 0.0000 0.9870 1.0175
 255  G C 2 2.722  0.25 0.0000 0.9407 0.8662
 256  T C 8 2.851  0.12 0.0000 1.0037 1.0174
 257  A E 3 2.845  0.10 0.0000 0.9888 1.0190
 258  V E 3 2.676  0.23 0.0000 0.9787 0.9218
 259  M E 4 2.777  0.05 0.0000 0.9549 1.0143
 260  S C 2 2.773  0.20 0.0000 1.0062 0.9783
 261  L C 4 2.815  0.07 0.0000 0.9908 1.0349
 262  K H 2 2.815  0.08 0.0000 0.9937 1.0299
 263  E H 1 2.734  0.05 0.0000 0.9630 1.0066
 264  N H 0 2.858  0.14 0.0000 1.0110 1.0151
 265  Q H 3 2.598  0.27 0.0000 0.9400 0.8577
 266  I H 7 2.840  0.10 0.0000 1.0013 1.0197
 267  N H 2 2.813  0.08 0.0000 0.9856 1.0189
 268  D H 2 2.807  0.07 0.0000 0.9839 1.0193
 269  M H 2 2.337  0.32 0.0000 0.8902 0.7634
 270  I H 8 2.839  0.20 0.0000 0.9824 0.9596
 271  Y H 7 2.842  0.08 0.0000 0.9899 1.0387
 272  S H 4 2.871  0.16 0.0000 0.9910 0.9811
 273  L H 6 2.396  0.32 0.0000 0.8677 0.7360
 274  L H 10 2.901  0.11 0.0000 1.0006 1.0191
 275  E H 7 2.769  0.05 0.0000 0.9816 1.0235
 276  K H 3 2.866  0.16 0.0000 0.9987 0.9871
 277  G C 7 2.838  0.16 0.0000 1.0167 1.0038
 278  R C 4 2.166  0.35 0.0000 0.8638 0.7061
 279  L E 9 2.600  0.28 0.0000 0.9103 0.8044
 280  I E 11 2.002  0.36 0.0000 0.8478 0.6875
 281  I E 7 2.928  0.13 0.0000 0.9715 0.9869
 282  R C 9 2.622  0.01 0.0000 0.9205 0.9693
 283  E C 2 2.524 -0.01 0.0000 0.8818 0.9325
 284  N C 1 2.605  0.01 0.0000 0.9169 0.9554
 285  N C 2 2.705  0.04 0.0000 0.9582 0.9786
 286  R C 1 2.838  0.16 0.0000 0.9793 0.9653
 287  V C 5 2.867  0.12 0.0000 1.0117 1.0254
 288  V C 4 2.715  0.23 0.0000 0.9789 0.9213
# 292 sites
# Mean averaged hydrophobicity= 0.1512
# Corr(ncont, hydro)=      0.165
# Corr(ncont, ave_hydro)=  0.220
# Corr(ncont, entropy)=   -0.051
# Corr(ncont, rate_HB_flux)=  -0.363
# Corr(ncont, rate_HB_emp)=  -0.474
# Corr(ncont, rate_HB_mut)=     nan
# Corr(entropy, rate_HB_flux)= 0.938
# Corr(entropy, rate_HB_emp)=-0.474
# Corr(entropy, rate_HB_mut)=   nan
